###### DELAY 1 ######
0 0.9678074215000008
1 0.9774828925000005
2 0.7012048455000002
3 1.0083363095000006
4 0.993366931999998
5 0.7868037069999985
avg 0.9058336846666665
###### DELAY 2 ######
0 2.0450071265
1 1.5793550134999992
2 3.1010389305000006
3 1.5046207345000018
4 2.0591386620000014
5 1.4113692015000006
avg 1.950088278083334
###### DELAY 3 ######
0 2.950643352
1 1.8774501565000026
2 1.5525608174999999
3 1.6831997360000006
4 1.9933724124999985
5 1.7587237070000015
avg 1.9693250302500005
###### DELAY 4 ######
0 1.9050010819999978
1 2.8146037254999983
2 1.4558740829999983
3 1.7496875910000014
4 1.7952359274999974
5 1.789695565999998
avg 1.9183496624999983
###### DELAY 5 ######
0 1.3429621959999951
1 1.7041553734999983
2 1.5550211429999998
3 1.4949858330000019
4 1.3283717834999982
5 1.869929049499998
avg 1.549237563083332
###### DELAY 6 ######
0 1.795242411499996
1 2.354985731999997
2 2.009908434500002
3 1.632105429500004
4 1.6393359359999988
5 1.9123193299999985
avg 1.890649545583333
###### DELAY 7 ######
0 2.9871272145000045
1 1.7626707845000018
2 2.131350537999998
3 2.625834446999999
4 1.4269112850000025
5 2.150366524499998
avg 2.1807101322500007
###### DELAY 8 ######
0 1.9248048640000033
1 1.4025681850000042
2 1.713347262999997
3 1.477293939999996
4 1.7437646859999996
5 1.644217771000001
avg 1.6509994515
###### DELAY 9 ######
0 1.7551409284999997
1 1.332251403499999
2 1.488397182499998
3 1.5766855204999985
4 1.5711773670000013
5 1.7344446734999965
avg 1.576349512583332
###### DELAY 10 ######
0 1.734298994000003
1 1.3761766445000012
2 1.3070333035000012
3 1.8657867229999996
4 1.457314071500001
5 2.2346038354999975
avg 1.6625355953333338
