###### DELAY 1 ######
0 0.005845412999999985
1 0.003691370999999994
2 0.003431464999999998
3 0.0037314385000000046
4 0.004075078499999997
5 0.003573398000000001
avg 0.00405802733333333
###### DELAY 2 ######
0 0.005033847000000009
1 0.0039330649999999995
2 0.0033378380000000014
3 0.006803557000000005
4 0.004398299000000007
5 0.0036877999999999907
avg 0.004532401000000002
###### DELAY 3 ######
0 0.005456038999999989
1 0.00453642
2 0.004240223000000004
3 0.0036213525000000062
4 0.003740318499999999
5 0.003930323500000005
avg 0.0042541127500000005
###### DELAY 4 ######
0 0.00528329900000001
1 0.005804114500000001
2 0.0032536810000000013
3 0.003324944499999998
4 0.003063346000000005
5 0.0034473360000000005
avg 0.004029453500000002
###### DELAY 5 ######
0 0.004677045499999989
1 0.0033676575000000067
2 0.0035055235000000084
3 0.003558813499999999
4 0.0035128249999999968
5 0.0038603825000000013
avg 0.00374704125
###### DELAY 6 ######
0 0.004665031999999996
1 0.0035917735000000053
2 0.0033671660000000004
3 0.004327856999999998
4 0.0038162130000000045
5 0.0035044765000000026
avg 0.0038787530000000017
###### DELAY 7 ######
0 0.004548754500000006
1 0.003476666500000003
2 0.0033785380000000012
3 0.0034111309999999982
4 0.0034754109999999973
5 0.0036277109999999983
avg 0.003653035333333334
###### DELAY 8 ######
0 0.004563869000000001
1 0.0034609290000000054
2 0.0034569254999999985
3 0.003049991000000001
4 0.002748858499999998
5 0.0029603969999999987
avg 0.003373495000000001
###### DELAY 9 ######
0 0.005912927499999996
1 0.004511123999999999
2 0.004572667000000003
3 0.005336095500000001
4 0.004407787000000008
5 0.004515623999999998
avg 0.0048760375
###### DELAY 10 ######
0 0.004495502000000003
1 0.0035548275000000006
2 0.0035556989999999938
3 0.0035765689999999917
4 0.003670846500000003
5 0.0033384405000000013
avg 0.0036986474166666654
