###### DELAY 1 ######
0 3.911579500000001
1 3.5706570000000015
2 3.910966999999997
3 3.7781579999999897
4 3.792499999999998
5 4.518170499999995
avg 3.913671999999997
###### DELAY 2 ######
0 4.117310500000006
1 3.8719069999999967
2 4.620590499999994
3 3.555390000000007
4 3.920822999999995
5 3.5171914999999974
avg 3.93386875
###### DELAY 3 ######
0 3.614547000000008
1 4.059199
2 4.660701500000014
3 4.2825710000000035
4 4.5549355
5 4.481543500000003
avg 4.2755829166666715
###### DELAY 4 ######
0 3.7031259999999957
1 3.858435500000001
2 3.6666149999999993
3 4.546088499999998
4 3.8714294999999916
5 3.611019499999995
avg 3.876118999999997
###### DELAY 5 ######
0 3.995755500000005
1 4.299734999999995
2 3.892927000000001
3 3.886440499999994
4 3.471097499999997
5 3.789938000000008
avg 3.889315583333333
###### DELAY 6 ######
0 4.121483500000003
1 3.8504419999999975
2 3.8351019999999987
3 3.882526499999998
4 4.121116499999994
5 4.036443999999997
avg 3.9745190833333317
###### DELAY 7 ######
0 4.030730000000003
1 3.9517770000000016
2 4.0550025
3 4.321493
4 3.753163000000001
5 4.809872500000003
avg 4.153673000000001
###### DELAY 8 ######
0 4.004401
1 4.147672000000001
2 3.8720585000000027
3 4.159775
4 3.7207030000000003
5 3.8431019999999974
avg 3.9579519166666675
###### DELAY 9 ######
0 3.520694000000004
1 3.7172075000000055
2 3.618461500000001
3 3.5040874999999914
4 3.9329540000000014
5 3.638159500000003
avg 3.6552606666666683
###### DELAY 10 ######
0 3.4932854999999994
1 3.5327925
2 3.822393500000001
3 3.482103999999997
4 4.5351729999999995
5 3.8029830000000024
avg 3.7781219166666666
